# Created by Octave 4.2.1, Thu Apr 19 03:10:02 2018 CEST <angel@angel-Lenovo-G50-80>
# name: Resultados_PCA_LDA
# type: matrix
# rows: 4420
# columns: 3
 1 1 94.915
 11 1 95.414
 11 2 90.628
 11 3 82.502
 11 4 78.166
 11 5 70.937
 11 6 63.559
 11 7 59.172
 11 8 56.83
 11 9 55.284
 11 10 53.44
 11 11 55.284
 21 1 94.118
 21 2 85.294
 21 3 81.406
 21 4 74.576
 21 5 66.002
 21 6 61.316
 21 7 57.827
 21 8 53.29
 21 9 48.355
 21 10 44.317
 21 11 42.423
 21 12 40.877
 21 13 39.731
 21 14 38.136
 21 15 39.332
 21 16 39.781
 21 17 39.531
 21 18 39.232
 21 19 38.485
 21 20 39.182
 21 21 38.883
 31 1 93.519
 31 2 83.749
 31 3 76.919
 31 4 75.274
 31 5 66.65
 31 6 62.911
 31 7 58.774
 31 8 56.132
 31 9 47.906
 31 10 44.616
 31 11 38.883
 31 12 37.687
 31 13 34.347
 31 14 33.101
 31 15 34.546
 31 16 33.599
 31 17 33.998
 31 18 33.4
 31 19 33.599
 31 20 32.802
 31 21 33.2
 31 22 33.001
 31 23 33.599
 31 24 34.845
 31 25 34.197
 31 26 34.347
 31 27 35.344
 31 28 34.945
 31 29 34.497
 31 30 34.447
 31 31 35.194
 41 1 93.121
 41 2 83.101
 41 3 76.77
 41 4 72.233
 41 5 66.999
 41 6 63.46
 41 7 58.475
 41 8 53.639
 41 9 46.461
 41 10 42.173
 41 11 37.089
 41 12 34.746
 41 13 33.4
 41 14 32.602
 41 15 31.406
 41 16 31.256
 41 17 31.007
 41 18 32.602
 41 19 31.555
 41 20 31.755
 41 21 32.652
 41 22 33.051
 41 23 32.303
 41 24 32.203
 41 25 32.951
 41 26 34.297
 41 27 34.497
 41 28 34.646
 41 29 35.294
 41 30 36.142
 41 31 36.142
 41 32 35.444
 41 33 35.494
 41 34 36.092
 41 35 36.241
 41 36 37.388
 41 37 38.036
 41 38 37.438
 41 39 37.238
 41 40 38.036
 41 41 38.285
 51 1 91.775
 51 2 83.4
 51 3 76.321
 51 4 71.984
 51 5 67.248
 51 6 63.161
 51 7 56.53
 51 8 52.094
 51 9 46.012
 51 10 40.528
 51 11 36.839
 51 12 32.802
 51 13 31.306
 51 14 30.309
 51 15 29.362
 51 16 29.362
 51 17 29.013
 51 18 29.511
 51 19 29.013
 51 20 29.212
 51 21 30.359
 51 22 31.904
 51 23 31.356
 51 24 31.356
 51 25 32.303
 51 26 32.951
 51 27 32.453
 51 28 32.951
 51 29 33.799
 51 30 34.197
 51 31 34.447
 51 32 34.646
 51 33 35.942
 51 34 36.191
 51 35 35.942
 51 36 35.743
 51 37 35.294
 51 38 35.444
 51 39 36.241
 51 40 36.191
 51 41 36.74
 51 42 36.092
 51 43 36.59
 51 44 36.64
 51 45 36.79
 51 46 36.441
 51 47 36.64
 51 48 36.341
 51 49 36.74
 51 50 36.64
 51 51 37.238
 61 1 92.871
 61 2 84.497
 61 3 76.221
 61 4 72.582
 61 5 66.849
 61 6 63.21
 61 7 56.58
 61 8 51.695
 61 9 46.112
 61 10 40.628
 61 11 36.341
 61 12 33.799
 61 13 31.954
 61 14 30.558
 61 15 30.11
 61 16 29.86
 61 17 29.312
 61 18 29.212
 61 19 29.362
 61 20 28.315
 61 21 28.116
 61 22 29.86
 61 23 30.259
 61 24 30.259
 61 25 30.259
 61 26 29.312
 61 27 29.212
 61 28 29.811
 61 29 30.259
 61 30 31.007
 61 31 30.608
 61 32 29.86
 61 33 30.857
 61 34 32.353
 61 35 33.001
 61 36 34.247
 61 37 34.347
 61 38 35.344
 61 39 34.845
 61 40 34.945
 61 41 35.643
 61 42 35.942
 61 43 35.593
 61 44 35.643
 61 45 35.892
 61 46 35.942
 61 47 35.643
 61 48 36.042
 61 49 36.241
 61 50 37.089
 61 51 37.238
 61 52 36.491
 61 53 37.089
 61 54 37.338
 61 55 37.587
 61 56 37.587
 61 57 38.385
 61 58 39.182
 61 59 38.883
 61 60 38.833
 61 61 39.531
 71 1 92.323
 71 2 83.5
 71 3 76.869
 71 4 73.928
 71 5 66.201
 71 6 63.011
 71 7 56.78
 71 8 51.396
 71 9 45.563
 71 10 40.279
 71 11 34.596
 71 12 33.051
 71 13 31.705
 71 14 30.01
 71 15 28.963
 71 16 28.913
 71 17 28.415
 71 18 27.717
 71 19 28.614
 71 20 28.764
 71 21 29.063
 71 22 28.415
 71 23 28.814
 71 24 30.16
 71 25 30.508
 71 26 30.508
 71 27 30.06
 71 28 31.505
 71 29 30.957
 71 30 30.658
 71 31 30.259
 71 32 30.708
 71 33 31.206
 71 34 31.256
 71 35 31.206
 71 36 31.406
 71 37 32.453
 71 38 32.602
 71 39 33.2
 71 40 33.4
 71 41 33.649
 71 42 34.297
 71 43 34.148
 71 44 33.998
 71 45 34.048
 71 46 34.696
 71 47 34.297
 71 48 34.297
 71 49 35.344
 71 50 35.194
 71 51 35.145
 71 52 36.441
 71 53 37.438
 71 54 37.836
 71 55 37.188
 71 56 37.886
 71 57 37.488
 71 58 37.537
 71 59 37.986
 71 60 37.836
 71 61 38.784
 71 62 37.886
 71 63 38.584
 71 64 39.182
 71 65 38.684
 71 66 38.933
 71 67 39.083
 71 68 39.232
 71 69 40.03
 71 70 39.681
 71 71 40.03
 81 1 93.32
 81 2 83.749
 81 3 78.016
 81 4 74.028
 81 5 68.046
 81 6 64.058
 81 7 57.328
 81 8 53.34
 81 9 45.015
 81 10 38.833
 81 11 33.649
 81 12 31.904
 81 13 30.259
 81 14 28.514
 81 15 27.617
 81 16 27.916
 81 17 28.614
 81 18 27.866
 81 19 28.365
 81 20 28.814
 81 21 29.312
 81 22 29.212
 81 23 29.113
 81 24 29.611
 81 25 29.711
 81 26 29.312
 81 27 30.359
 81 28 31.555
 81 29 31.655
 81 30 31.655
 81 31 32.502
 81 32 32.054
 81 33 32.403
 81 34 31.805
 81 35 32.104
 81 36 32.552
 81 37 33.3
 81 38 32.901
 81 39 32.752
 81 40 33.101
 81 41 33.549
 81 42 33.25
 81 43 33.3
 81 44 34.397
 81 45 34.397
 81 46 34.746
 81 47 34.347
 81 48 33.699
 81 49 33.898
 81 50 34.596
 81 51 34.945
 81 52 34.696
 81 53 34.995
 81 54 35.543
 81 55 36.191
 81 56 37.687
 81 57 37.238
 81 58 37.687
 81 59 37.388
 81 60 37.687
 81 61 37.687
 81 62 37.986
 81 63 38.933
 81 64 38.335
 81 65 38.634
 81 66 38.584
 81 67 38.534
 81 68 38.086
 81 69 38.485
 81 70 38.634
 81 71 38.584
 81 72 39.482
 81 73 39.482
 81 74 39.93
 81 75 40.03
 81 76 40.877
 81 77 40.828
 81 78 41.326
 81 79 41.476
 81 80 41.077
 81 81 40.927
 91 1 92.423
 91 2 82.752
 91 3 77.817
 91 4 72.782
 91 5 66.849
 91 6 62.762
 91 7 56.879
 91 8 52.443
 91 9 44.865
 91 10 39.133
 91 11 33.599
 91 12 31.456
 91 13 29.86
 91 14 28.465
 91 15 28.913
 91 16 28.215
 91 17 27.966
 91 18 27.767
 91 19 28.166
 91 20 28.913
 91 21 30.409
 91 22 29.661
 91 23 29.362
 91 24 29.86
 91 25 30.857
 91 26 31.157
 91 27 31.107
 91 28 31.605
 91 29 31.456
 91 30 31.705
 91 31 31.605
 91 32 33.25
 91 33 33.45
 91 34 33.948
 91 35 33.3
 91 36 33.599
 91 37 34.148
 91 38 34.297
 91 39 34.796
 91 40 35.045
 91 41 34.796
 91 42 34.596
 91 43 35.494
 91 44 35.194
 91 45 35.344
 91 46 35.992
 91 47 36.291
 91 48 36.291
 91 49 37.039
 91 50 37.288
 91 51 37.986
 91 52 38.285
 91 53 37.936
 91 54 38.385
 91 55 38.485
 91 56 39.232
 91 57 39.232
 91 58 39.382
 91 59 39.083
 91 60 39.282
 91 61 39.232
 91 62 39.581
 91 63 39.531
 91 64 39.332
 91 65 40.179
 91 66 40.329
 91 67 40.329
 91 68 40.628
 91 69 40.778
 91 70 41.127
 91 71 41.825
 91 72 42.074
 91 73 41.675
 91 74 41.924
 91 75 42.024
 91 76 41.874
 91 77 42.024
 91 78 42.772
 91 79 44.018
 91 80 44.367
 91 81 44.716
 91 82 44.766
 91 83 44.766
 91 84 44.816
 91 85 44.317
 91 86 44.417
 91 87 45.165
 91 88 44.865
 91 89 44.816
 91 90 44.666
 91 91 44.766
 101 1 92.772
 101 2 83.948
 101 3 76.371
 101 4 71.535
 101 5 65.304
 101 6 62.164
 101 7 56.281
 101 8 52.243
 101 9 44.068
 101 10 38.833
 101 11 33.3
 101 12 31.655
 101 13 30.01
 101 14 29.611
 101 15 28.814
 101 16 27.916
 101 17 27.617
 101 18 28.066
 101 19 27.866
 101 20 28.465
 101 21 29.212
 101 22 29.611
 101 23 29.761
 101 24 29.811
 101 25 30.409
 101 26 30.409
 101 27 31.057
 101 28 31.306
 101 29 31.505
 101 30 31.456
 101 31 31.456
 101 32 31.406
 101 33 31.356
 101 34 31.555
 101 35 31.954
 101 36 32.652
 101 37 32.901
 101 38 33.051
 101 39 33.549
 101 40 34.148
 101 41 34.646
 101 42 34.447
 101 43 34.197
 101 44 34.696
 101 45 34.596
 101 46 34.447
 101 47 34.397
 101 48 34.845
 101 49 35.145
 101 50 35.444
 101 51 36.74
 101 52 36.59
 101 53 37.089
 101 54 36.441
 101 55 37.637
 101 56 37.687
 101 57 38.136
 101 58 38.036
 101 59 38.036
 101 60 38.285
 101 61 38.036
 101 62 38.833
 101 63 39.531
 101 64 38.734
 101 65 38.933
 101 66 39.581
 101 67 39.531
 101 68 40.13
 101 69 41.127
 101 70 40.828
 101 71 40.528
 101 72 40.578
 101 73 40.528
 101 74 40.479
 101 75 40.528
 101 76 40.828
 101 77 41.027
 101 78 41.974
 101 79 41.974
 101 80 41.625
 101 81 41.874
 101 82 42.622
 101 83 42.522
 101 84 43.071
 101 85 43.021
 101 86 43.519
 101 87 44.018
 101 88 44.068
 101 89 44.217
 101 90 44.666
 101 91 45.264
 101 92 45.065
 101 93 45.314
 101 94 46.361
 101 95 46.51
 101 96 46.361
 101 97 46.411
 101 98 46.71
 101 99 47.208
 111 1 93.868
 111 2 83.45
 111 3 76.869
 111 4 71.386
 111 5 65.703
 111 6 61.765
 111 7 55.683
 111 8 52.094
 111 9 44.068
 111 10 38.385
 111 11 32.702
 111 12 31.256
 111 13 29.96
 111 14 28.465
 111 15 28.963
 111 16 28.166
 111 17 28.016
 111 18 28.415
 111 19 28.315
 111 20 28.315
 111 21 29.412
 111 22 28.514
 111 23 28.863
 111 24 29.611
 111 25 31.505
 111 26 31.555
 111 27 31.206
 111 28 30.359
 111 29 30.459
 111 30 31.406
 111 31 31.505
 111 32 31.505
 111 33 32.004
 111 34 31.705
 111 35 32.901
 111 36 32.552
 111 37 32.851
 111 38 33.4
 111 39 33.799
 111 40 33.749
 111 41 34.297
 111 42 34.297
 111 43 34.646
 111 44 34.796
 111 45 34.995
 111 46 35.294
 111 47 35.693
 111 48 35.145
 111 49 35.444
 111 50 35.543
 111 51 36.64
 111 52 36.391
 111 53 36.191
 111 54 36.391
 111 55 37.288
 111 56 36.69
 111 57 36.79
 111 58 37.787
 111 59 37.637
 111 60 37.936
 111 61 37.836
 111 62 38.036
 111 63 37.886
 111 64 38.734
 111 65 38.584
 111 66 38.534
 111 67 38.833
 111 68 38.534
 111 69 38.883
 111 70 39.133
 111 71 39.332
 111 72 39.581
 111 73 39.831
 111 74 40.229
 111 75 40.778
 111 76 40.728
 111 77 40.279
 111 78 40.479
 111 79 40.479
 111 80 41.176
 111 81 41.525
 111 82 41.725
 111 83 42.522
 111 84 42.373
 111 85 42.024
 111 86 42.173
 111 87 42.423
 111 88 42.971
 111 89 43.22
 111 90 43.719
 111 91 43.569
 111 92 44.068
 111 93 43.669
 111 94 43.868
 111 95 43.569
 111 96 43.47
 111 97 43.968
 111 98 44.118
 111 99 44.267
 121 1 92.223
 121 2 83.549
 121 3 77.019
 121 4 72.782
 121 5 67.049
 121 6 62.712
 121 7 56.431
 121 8 52.592
 121 9 43.719
 121 10 37.886
 121 11 33.35
 121 12 31.356
 121 13 29.811
 121 14 29.262
 121 15 29.91
 121 16 29.262
 121 17 27.916
 121 18 28.365
 121 19 28.863
 121 20 29.113
 121 21 28.913
 121 22 29.312
 121 23 29.661
 121 24 29.661
 121 25 29.761
 121 26 31.456
 121 27 31.306
 121 28 32.054
 121 29 32.104
 121 30 31.755
 121 31 32.104
 121 32 32.552
 121 33 32.104
 121 34 33.101
 121 35 33.25
 121 36 33.4
 121 37 33.898
 121 38 34.696
 121 39 34.048
 121 40 35.194
 121 41 34.596
 121 42 34.895
 121 43 34.895
 121 44 35.095
 121 45 35.942
 121 46 34.845
 121 47 35.444
 121 48 35.344
 121 49 35.244
 121 50 35.793
 121 51 36.69
 121 52 36.042
 121 53 36.391
 121 54 37.039
 121 55 36.69
 121 56 36.839
 121 57 36.69
 121 58 36.939
 121 59 37.089
 121 60 37.039
 121 61 38.086
 121 62 37.587
 121 63 37.986
 121 64 38.136
 121 65 38.684
 121 66 39.182
 121 67 38.634
 121 68 38.285
 121 69 38.285
 121 70 38.485
 121 71 38.933
 121 72 39.332
 121 73 39.482
 121 74 39.432
 121 75 39.581
 121 76 40.229
 121 77 39.781
 121 78 40.379
 121 79 41.226
 121 80 41.027
 121 81 41.326
 121 82 41.027
 121 83 40.927
 121 84 41.326
 121 85 41.924
 121 86 41.974
 121 87 41.874
 121 88 41.675
 121 89 41.525
 121 90 41.974
 121 91 41.924
 121 92 42.223
 121 93 41.476
 121 94 41.974
 121 95 42.173
 121 96 42.423
 121 97 43.021
 121 98 43.17
 121 99 43.32
 131 1 93.27
 131 2 83.799
 131 3 76.122
 131 4 73.629
 131 5 66.65
 131 6 62.762
 131 7 56.879
 131 8 52.094
 131 9 44.118
 131 10 37.338
 131 11 34.297
 131 12 31.057
 131 13 30.06
 131 14 29.212
 131 15 28.365
 131 16 28.415
 131 17 28.365
 131 18 27.617
 131 19 27.717
 131 20 28.315
 131 21 27.667
 131 22 28.764
 131 23 28.465
 131 24 29.462
 131 25 29.711
 131 26 29.91
 131 27 29.96
 131 28 30.11
 131 29 30.558
 131 30 30.558
 131 31 30.608
 131 32 30.558
 131 33 30.808
 131 34 30.459
 131 35 31.157
 131 36 31.107
 131 37 31.206
 131 38 31.854
 131 39 31.805
 131 40 32.253
 131 41 33.051
 131 42 33.2
 131 43 33.649
 131 44 34.197
 131 45 33.799
 131 46 34.297
 131 47 34.646
 131 48 34.646
 131 49 33.699
 131 50 33.699
 131 51 34.397
 131 52 34.596
 131 53 34.746
 131 54 35.145
 131 55 35.194
 131 56 35.444
 131 57 35.194
 131 58 36.142
 131 59 35.992
 131 60 35.793
 131 61 36.291
 131 62 36.441
 131 63 36.092
 131 64 36.191
 131 65 36.191
 131 66 36.59
 131 67 36.939
 131 68 37.188
 131 69 37.836
 131 70 38.485
 131 71 38.883
 131 72 38.983
 131 73 38.684
 131 74 39.332
 131 75 39.282
 131 76 39.531
 131 77 39.98
 131 78 39.731
 131 79 39.731
 131 80 39.98
 131 81 40.229
 131 82 40.479
 131 83 40.678
 131 84 40.728
 131 85 40.977
 131 86 40.977
 131 87 41.326
 131 88 41.426
 131 89 41.376
 131 90 41.575
 131 91 41.775
 131 92 41.675
 131 93 41.924
 131 94 42.273
 131 95 42.423
 131 96 42.423
 131 97 42.672
 131 98 42.672
 131 99 43.17
 141 1 92.173
 141 2 82.652
 141 3 75.374
 141 4 71.436
 141 5 65.404
 141 6 62.014
 141 7 56.032
 141 8 52.094
 141 9 43.918
 141 10 37.089
 141 11 33.2
 141 12 30.459
 141 13 30.558
 141 14 29.262
 141 15 28.863
 141 16 27.866
 141 17 28.066
 141 18 27.866
 141 19 27.517
 141 20 27.567
 141 21 27.667
 141 22 28.315
 141 23 28.863
 141 24 28.764
 141 25 29.462
 141 26 29.412
 141 27 29.611
 141 28 30.259
 141 29 29.91
 141 30 30.558
 141 31 30.508
 141 32 30.808
 141 33 30.957
 141 34 31.605
 141 35 31.456
 141 36 31.406
 141 37 32.652
 141 38 33.051
 141 39 33.3
 141 40 33.45
 141 41 33.5
 141 42 33.848
 141 43 34.048
 141 44 34.646
 141 45 34.098
 141 46 34.148
 141 47 34.696
 141 48 35.294
 141 49 35.593
 141 50 35.095
 141 51 35.095
 141 52 35.145
 141 53 35.394
 141 54 35.494
 141 55 35.992
 141 56 35.992
 141 57 35.992
 141 58 35.394
 141 59 35.394
 141 60 35.543
 141 61 36.59
 141 62 37.089
 141 63 37.338
 141 64 37.388
 141 65 36.939
 141 66 37.338
 141 67 38.285
 141 68 37.986
 141 69 38.684
 141 70 38.285
 141 71 37.737
 141 72 38.136
 141 73 38.435
 141 74 38.036
 141 75 38.485
 141 76 38.734
 141 77 38.485
 141 78 38.435
 141 79 38.784
 141 80 39.282
 141 81 39.432
 141 82 40.329
 141 83 39.88
 141 84 40.229
 141 85 40.528
 141 86 40.279
 141 87 40.528
 141 88 40.528
 141 89 41.027
 141 90 41.476
 141 91 40.977
 141 92 41.276
 141 93 41.276
 141 94 41.775
 141 95 41.775
 141 96 42.223
 141 97 41.974
 141 98 41.874
 141 99 42.223
 151 1 92.223
 151 2 82.901
 151 3 75.125
 151 4 71.934
 151 5 66.251
 151 6 62.413
 151 7 56.281
 151 8 52.144
 151 9 43.32
 151 10 37.737
 151 11 32.154
 151 12 30.459
 151 13 30.907
 151 14 29.312
 151 15 28.265
 151 16 28.614
 151 17 28.116
 151 18 27.567
 151 19 28.265
 151 20 28.265
 151 21 28.265
 151 22 28.415
 151 23 29.163
 151 24 28.913
 151 25 29.462
 151 26 30.259
 151 27 30.259
 151 28 30.06
 151 29 29.96
 151 30 30.409
 151 31 31.456
 151 32 30.459
 151 33 31.107
 151 34 31.107
 151 35 31.057
 151 36 31.406
 151 37 32.203
 151 38 32.353
 151 39 32.602
 151 40 32.353
 151 41 32.552
 151 42 31.904
 151 43 32.453
 151 44 32.253
 151 45 32.453
 151 46 32.752
 151 47 32.752
 151 48 33.001
 151 49 33.151
 151 50 33.25
 151 51 33.25
 151 52 33.898
 151 53 34.098
 151 54 33.699
 151 55 34.148
 151 56 34.447
 151 57 33.848
 151 58 34.746
 151 59 34.646
 151 60 34.696
 151 61 34.995
 151 62 35.444
 151 63 35.693
 151 64 35.842
 151 65 35.992
 151 66 36.54
 151 67 37.338
 151 68 37.089
 151 69 37.587
 151 70 37.637
 151 71 38.086
 151 72 38.485
 151 73 38.534
 151 74 38.435
 151 75 39.083
 151 76 38.634
 151 77 38.634
 151 78 39.182
 151 79 38.634
 151 80 38.485
 151 81 38.435
 151 82 38.933
 151 83 39.182
 151 84 39.88
 151 85 40.03
 151 86 39.93
 151 87 39.731
 151 88 39.781
 151 89 40.08
 151 90 39.98
 151 91 40.179
 151 92 40.279
 151 93 40.429
 151 94 40.229
 151 95 41.326
 151 96 41.077
 151 97 41.276
 151 98 41.326
 151 99 40.778
 161 1 92.373
 161 2 83.549
 161 3 75.972
 161 4 72.383
 161 5 66.6
 161 6 62.313
 161 7 56.132
 161 8 52.493
 161 9 42.971
 161 10 37.338
 161 11 33.948
 161 12 30.11
 161 13 29.86
 161 14 28.963
 161 15 28.365
 161 16 27.667
 161 17 28.166
 161 18 27.517
 161 19 27.866
 161 20 27.318
 161 21 27.119
 161 22 27.468
 161 23 27.916
 161 24 28.514
 161 25 29.262
 161 26 29.163
 161 27 29.212
 161 28 29.91
 161 29 29.86
 161 30 29.412
 161 31 29.462
 161 32 29.96
 161 33 29.163
 161 34 29.661
 161 35 29.362
 161 36 29.462
 161 37 29.511
 161 38 29.91
 161 39 30.259
 161 40 30.209
 161 41 31.007
 161 42 31.107
 161 43 31.705
 161 44 31.755
 161 45 31.904
 161 46 31.605
 161 47 31.256
 161 48 31.705
 161 49 31.954
 161 50 31.805
 161 51 32.104
 161 52 32.652
 161 53 32.951
 161 54 33.5
 161 55 33.649
 161 56 34.048
 161 57 34.895
 161 58 34.746
 161 59 34.945
 161 60 35.494
 161 61 35.145
 161 62 35.344
 161 63 35.344
 161 64 35.394
 161 65 35.494
 161 66 35.892
 161 67 36.291
 161 68 36.54
 161 69 36.839
 161 70 36.989
 161 71 36.889
 161 72 36.69
 161 73 35.942
 161 74 36.839
 161 75 36.69
 161 76 37.338
 161 77 37.687
 161 78 37.587
 161 79 38.235
 161 80 38.086
 161 81 38.335
 161 82 38.086
 161 83 38.335
 161 84 38.534
 161 85 39.083
 161 86 38.734
 161 87 39.332
 161 88 39.232
 161 89 39.681
 161 90 39.282
 161 91 39.531
 161 92 39.482
 161 93 39.282
 161 94 39.531
 161 95 39.781
 161 96 39.93
 161 97 40.03
 161 98 40.479
 161 99 40.279
 171 1 92.822
 171 2 83.948
 171 3 75.673
 171 4 71.635
 171 5 66.6
 171 6 62.762
 171 7 55.783
 171 8 51.894
 171 9 42.323
 171 10 37.188
 171 11 32.253
 171 12 29.312
 171 13 29.462
 171 14 28.814
 171 15 28.415
 171 16 27.667
 171 17 27.717
 171 18 27.218
 171 19 26.919
 171 20 26.67
 171 21 27.268
 171 22 27.318
 171 23 27.916
 171 24 28.315
 171 25 27.866
 171 26 28.714
 171 27 28.963
 171 28 28.764
 171 29 28.814
 171 30 28.913
 171 31 29.262
 171 32 28.764
 171 33 29.212
 171 34 29.262
 171 35 29.511
 171 36 30.11
 171 37 30.708
 171 38 30.658
 171 39 30.459
 171 40 30.11
 171 41 30.259
 171 42 30.658
 171 43 30.608
 171 44 30.459
 171 45 30.857
 171 46 30.508
 171 47 30.758
 171 48 31.107
 171 49 31.256
 171 50 31.256
 171 51 32.054
 171 52 32.104
 171 53 31.904
 171 54 31.954
 171 55 32.403
 171 56 32.652
 171 57 32.203
 171 58 32.851
 171 59 33.5
 171 60 33.699
 171 61 33.948
 171 62 33.749
 171 63 34.148
 171 64 33.749
 171 65 33.948
 171 66 34.197
 171 67 34.148
 171 68 33.998
 171 69 33.799
 171 70 34.197
 171 71 33.898
 171 72 34.746
 171 73 34.945
 171 74 35.244
 171 75 35.244
 171 76 35.294
 171 77 35.394
 171 78 35.793
 171 79 36.54
 171 80 36.69
 171 81 36.64
 171 82 36.441
 171 83 36.989
 171 84 37.288
 171 85 36.839
 171 86 36.69
 171 87 37.089
 171 88 37.188
 171 89 36.54
 171 90 37.288
 171 91 37.537
 171 92 37.737
 171 93 37.886
 171 94 37.936
 171 95 38.136
 171 96 38.086
 171 97 38.534
 171 98 38.634
 171 99 38.833
 181 1 92.572
 181 2 82.901
 181 3 75.773
 181 4 71.585
 181 5 66.8
 181 6 61.964
 181 7 54.885
 181 8 51.595
 181 9 42.124
 181 10 36.989
 181 11 32.851
 181 12 29.063
 181 13 30.16
 181 14 29.212
 181 15 27.866
 181 16 27.318
 181 17 26.321
 181 18 26.77
 181 19 26.221
 181 20 26.271
 181 21 27.268
 181 22 27.318
 181 23 28.215
 181 24 28.564
 181 25 28.614
 181 26 28.963
 181 27 29.86
 181 28 29.611
 181 29 29.811
 181 30 29.412
 181 31 29.412
 181 32 29.611
 181 33 29.811
 181 34 29.96
 181 35 30.359
 181 36 30.11
 181 37 31.406
 181 38 31.805
 181 39 31.655
 181 40 32.004
 181 41 31.755
 181 42 31.555
 181 43 31.306
 181 44 30.957
 181 45 31.555
 181 46 31.605
 181 47 32.004
 181 48 31.755
 181 49 31.854
 181 50 32.353
 181 51 33.35
 181 52 33.051
 181 53 33.3
 181 54 33.45
 181 55 33.599
 181 56 33.35
 181 57 33.649
 181 58 33.45
 181 59 34.447
 181 60 34.247
 181 61 33.898
 181 62 34.447
 181 63 34.447
 181 64 34.148
 181 65 34.247
 181 66 34.546
 181 67 34.746
 181 68 34.845
 181 69 34.696
 181 70 35.045
 181 71 35.145
 181 72 34.945
 181 73 35.095
 181 74 34.746
 181 75 35.294
 181 76 35.892
 181 77 36.341
 181 78 36.441
 181 79 35.693
 181 80 35.892
 181 81 36.241
 181 82 36.291
 181 83 35.992
 181 84 36.54
 181 85 36.889
 181 86 36.54
 181 87 36.74
 181 88 36.79
 181 89 36.64
 181 90 36.69
 181 91 37.039
 181 92 36.79
 181 93 37.089
 181 94 36.939
 181 95 36.79
 181 96 37.388
 181 97 37.438
 181 98 37.787
 181 99 38.036
 191 1 92.124
 191 2 82.951
 191 3 75.673
 191 4 71.386
 191 5 65.503
 191 6 62.064
 191 7 55.184
 191 8 51.745
 191 9 43.021
 191 10 36.59
 191 11 32.104
 191 12 29.511
 191 13 29.362
 191 14 28.664
 191 15 27.368
 191 16 26.67
 191 17 26.371
 191 18 26.221
 191 19 25.972
 191 20 25.324
 191 21 27.019
 191 22 27.517
 191 23 27.268
 191 24 28.166
 191 25 28.365
 191 26 29.113
 191 27 28.814
 191 28 29.462
 191 29 29.86
 191 30 29.511
 191 31 29.561
 191 32 29.262
 191 33 29.561
 191 34 29.86
 191 35 30.359
 191 36 30.259
 191 37 30.708
 191 38 30.608
 191 39 31.107
 191 40 31.206
 191 41 31.206
 191 42 31.505
 191 43 31.605
 191 44 31.206
 191 45 31.206
 191 46 31.605
 191 47 31.854
 191 48 32.353
 191 49 32.054
 191 50 32.602
 191 51 32.154
 191 52 31.904
 191 53 32.004
 191 54 33.051
 191 55 33.848
 191 56 33.35
 191 57 33.799
 191 58 33.699
 191 59 33.799
 191 60 34.098
 191 61 34.895
 191 62 34.995
 191 63 35.394
 191 64 34.646
 191 65 34.895
 191 66 34.746
 191 67 35.045
 191 68 35.244
 191 69 35.045
 191 70 34.696
 191 71 35.145
 191 72 35.244
 191 73 35.145
 191 74 35.793
 191 75 35.942
 191 76 36.092
 191 77 36.241
 191 78 36.441
 191 79 36.341
 191 80 36.441
 191 81 36.79
 191 82 36.839
 191 83 36.839
 191 84 36.54
 191 85 36.939
 191 86 37.089
 191 87 37.089
 191 88 37.039
 191 89 37.488
 191 90 37.737
 191 91 37.836
 191 92 37.737
 191 93 38.136
 191 94 38.136
 191 95 38.385
 191 96 38.036
 191 97 38.136
 191 98 37.986
 191 99 37.886
 201 1 92.622
 201 2 83.549
 201 3 75.424
 201 4 71.236
 201 5 65.553
 201 6 62.413
 201 7 56.231
 201 8 52.393
 201 9 43.42
 201 10 37.139
 201 11 31.904
 201 12 29.611
 201 13 28.963
 201 14 27.617
 201 15 27.218
 201 16 26.919
 201 17 26.72
 201 18 26.77
 201 19 26.471
 201 20 26.421
 201 21 27.268
 201 22 27.817
 201 23 28.016
 201 24 27.866
 201 25 28.215
 201 26 28.814
 201 27 28.764
 201 28 29.312
 201 29 29.86
 201 30 30.06
 201 31 29.96
 201 32 30.558
 201 33 30.857
 201 34 30.957
 201 35 31.655
 201 36 31.505
 201 37 31.705
 201 38 31.456
 201 39 32.104
 201 40 31.904
 201 41 32.353
 201 42 32.353
 201 43 32.104
 201 44 31.655
 201 45 31.306
 201 46 31.555
 201 47 32.104
 201 48 33.051
 201 49 33.051
 201 50 32.901
 201 51 32.802
 201 52 32.851
 201 53 33.001
 201 54 33.151
 201 55 33.599
 201 56 33.45
 201 57 33.45
 201 58 33.549
 201 59 33.649
 201 60 33.649
 201 61 34.048
 201 62 33.799
 201 63 33.898
 201 64 33.898
 201 65 34.048
 201 66 33.749
 201 67 34.048
 201 68 33.599
 201 69 33.898
 201 70 33.599
 201 71 34.048
 201 72 33.948
 201 73 33.948
 201 74 33.848
 201 75 33.799
 201 76 34.397
 201 77 34.596
 201 78 35.045
 201 79 34.945
 201 80 34.796
 201 81 34.796
 201 82 35.543
 201 83 36.241
 201 84 35.992
 201 85 35.494
 201 86 35.394
 201 87 36.142
 201 88 36.241
 201 89 35.942
 201 90 36.241
 201 91 36.889
 201 92 36.889
 201 93 36.939
 201 94 36.889
 201 95 37.238
 201 96 37.238
 201 97 36.64
 201 98 36.939
 201 99 36.989
 211 1 92.971
 211 2 82.851
 211 3 75.424
 211 4 71.186
 211 5 65.852
 211 6 61.416
 211 7 54.885
 211 8 52.393
 211 9 43.121
 211 10 36.59
 211 11 31.805
 211 12 29.611
 211 13 29.212
 211 14 27.767
 211 15 27.418
 211 16 27.318
 211 17 26.421
 211 18 25.823
 211 19 26.471
 211 20 26.919
 211 21 27.218
 211 22 26.969
 211 23 27.817
 211 24 28.764
 211 25 28.764
 211 26 28.265
 211 27 28.365
 211 28 28.066
 211 29 28.415
 211 30 28.465
 211 31 28.963
 211 32 29.163
 211 33 28.963
 211 34 29.362
 211 35 29.412
 211 36 30.309
 211 37 30.309
 211 38 30.359
 211 39 30.608
 211 40 30.259
 211 41 30.508
 211 42 30.459
 211 43 30.608
 211 44 30.508
 211 45 30.608
 211 46 31.007
 211 47 31.007
 211 48 31.007
 211 49 31.157
 211 50 30.957
 211 51 31.206
 211 52 30.907
 211 53 30.658
 211 54 30.708
 211 55 31.655
 211 56 31.954
 211 57 32.104
 211 58 32.104
 211 59 32.403
 211 60 32.702
 211 61 32.752
 211 62 32.652
 211 63 32.353
 211 64 32.353
 211 65 32.652
 211 66 32.403
 211 67 32.901
 211 68 33.001
 211 69 32.951
 211 70 32.303
 211 71 33.001
 211 72 33.25
 211 73 33.549
 211 74 32.901
 211 75 33.101
 211 76 33.699
 211 77 33.5
 211 78 33.948
 211 79 34.297
 211 80 34.197
 211 81 34.646
 211 82 35.244
 211 83 36.142
 211 84 35.394
 211 85 35.444
 211 86 35.992
 211 87 36.341
 211 88 36.74
 211 89 35.992
 211 90 36.191
 211 91 36.142
 211 92 36.142
 211 93 36.441
 211 94 36.341
 211 95 36.839
 211 96 36.989
 211 97 36.839
 211 98 36.889
 211 99 36.889
 221 1 92.672
 221 2 82.253
 221 3 75.773
 221 4 71.834
 221 5 65.952
 221 6 61.515
 221 7 55.982
 221 8 52.991
 221 9 43.22
 221 10 36.939
 221 11 32.004
 221 12 29.611
 221 13 30.16
 221 14 29.163
 221 15 27.717
 221 16 27.966
 221 17 26.969
 221 18 26.77
 221 19 26.221
 221 20 26.869
 221 21 26.67
 221 22 26.869
 221 23 27.318
 221 24 27.866
 221 25 28.166
 221 26 28.415
 221 27 28.265
 221 28 28.365
 221 29 28.215
 221 30 28.514
 221 31 29.113
 221 32 29.163
 221 33 29.063
 221 34 29.711
 221 35 29.86
 221 36 29.661
 221 37 30.11
 221 38 29.761
 221 39 30.11
 221 40 30.309
 221 41 31.107
 221 42 31.904
 221 43 31.954
 221 44 32.154
 221 45 32.253
 221 46 32.004
 221 47 31.805
 221 48 32.004
 221 49 31.705
 221 50 31.655
 221 51 31.705
 221 52 32.154
 221 53 31.954
 221 54 31.755
 221 55 32.453
 221 56 32.004
 221 57 32.502
 221 58 32.702
 221 59 32.752
 221 60 33.151
 221 61 33.051
 221 62 32.453
 221 63 33.25
 221 64 33.45
 221 65 32.851
 221 66 32.602
 221 67 32.203
 221 68 32.802
 221 69 32.851
 221 70 32.702
 221 71 33.001
 221 72 32.951
 221 73 33.051
 221 74 32.602
 221 75 32.702
 221 76 32.702
 221 77 32.353
 221 78 32.851
 221 79 33.151
 221 80 33.599
 221 81 33.699
 221 82 33.699
 221 83 34.098
 221 84 34.347
 221 85 34.596
 221 86 34.696
 221 87 35.095
 221 88 35.095
 221 89 35.643
 221 90 35.444
 221 91 35.793
 221 92 35.992
 221 93 35.543
 221 94 36.042
 221 95 36.142
 221 96 36.241
 221 97 36.341
 221 98 36.391
 221 99 36.64
 231 1 93.769
 231 2 83.45
 231 3 76.371
 231 4 71.635
 231 5 65.952
 231 6 61.765
 231 7 56.979
 231 8 51.545
 231 9 42.722
 231 10 36.142
 231 11 31.007
 231 12 28.764
 231 13 29.312
 231 14 28.514
 231 15 28.465
 231 16 27.418
 231 17 27.418
 231 18 26.919
 231 19 26.869
 231 20 27.119
 231 21 26.72
 231 22 27.268
 231 23 27.019
 231 24 27.119
 231 25 27.617
 231 26 27.866
 231 27 27.767
 231 28 27.767
 231 29 27.866
 231 30 27.916
 231 31 28.465
 231 32 28.215
 231 33 28.465
 231 34 29.013
 231 35 28.365
 231 36 28.465
 231 37 28.764
 231 38 28.764
 231 39 28.814
 231 40 29.113
 231 41 29.163
 231 42 29.511
 231 43 29.761
 231 44 29.91
 231 45 29.561
 231 46 29.661
 231 47 29.711
 231 48 30.359
 231 49 29.96
 231 50 30.11
 231 51 30.16
 231 52 30.309
 231 53 30.259
 231 54 29.811
 231 55 30.409
 231 56 30.508
 231 57 30.708
 231 58 30.359
 231 59 30.409
 231 60 30.359
 231 61 30.459
 231 62 31.007
 231 63 31.206
 231 64 31.356
 231 65 31.755
 231 66 31.805
 231 67 31.854
 231 68 32.154
 231 69 32.203
 231 70 32.403
 231 71 32.403
 231 72 31.954
 231 73 32.951
 231 74 32.702
 231 75 33.3
 231 76 33.101
 231 77 32.752
 231 78 32.951
 231 79 32.951
 231 80 32.652
 231 81 32.752
 231 82 32.851
 231 83 32.802
 231 84 32.752
 231 85 33.001
 231 86 33.3
 231 87 33.3
 231 88 33.35
 231 89 34.048
 231 90 33.599
 231 91 33.749
 231 92 33.649
 231 93 33.699
 231 94 33.948
 231 95 34.098
 231 96 34.098
 231 97 34.197
 231 98 34.646
 231 99 34.347
 241 1 92.473
 241 2 83.5
 241 3 76.421
 241 4 71.386
 241 5 65.852
 241 6 61.864
 241 7 55.783
 241 8 51.097
 241 9 43.22
 241 10 35.892
 241 11 32.602
 241 12 29.262
 241 13 29.711
 241 14 29.013
 241 15 28.166
 241 16 27.767
 241 17 27.268
 241 18 26.77
 241 19 27.168
 241 20 26.421
 241 21 26.62
 241 22 27.168
 241 23 27.368
 241 24 27.268
 241 25 27.517
 241 26 27.667
 241 27 27.418
 241 28 27.567
 241 29 27.468
 241 30 27.567
 241 31 27.667
 241 32 28.066
 241 33 28.215
 241 34 27.916
 241 35 28.315
 241 36 28.514
 241 37 28.465
 241 38 28.166
 241 39 27.717
 241 40 27.817
 241 41 27.966
 241 42 27.916
 241 43 28.514
 241 44 28.365
 241 45 29.262
 241 46 28.415
 241 47 28.664
 241 48 28.814
 241 49 29.063
 241 50 29.063
 241 51 29.163
 241 52 29.212
 241 53 29.212
 241 54 28.714
 241 55 29.013
 241 56 28.814
 241 57 29.163
 241 58 29.013
 241 59 28.614
 241 60 28.963
 241 61 29.013
 241 62 29.511
 241 63 29.711
 241 64 30.309
 241 65 30.209
 241 66 30.359
 241 67 30.459
 241 68 30.359
 241 69 30.658
 241 70 30.957
 241 71 30.758
 241 72 30.708
 241 73 30.957
 241 74 30.957
 241 75 30.857
 241 76 30.658
 241 77 30.658
 241 78 30.857
 241 79 30.758
 241 80 31.206
 241 81 31.306
 241 82 31.555
 241 83 31.555
 241 84 31.505
 241 85 32.104
 241 86 31.854
 241 87 32.104
 241 88 32.502
 241 89 32.752
 241 90 32.353
 241 91 32.403
 241 92 32.403
 241 93 32.203
 241 94 32.203
 241 95 32.453
 241 96 33.001
 241 97 32.802
 241 98 32.453
 241 99 32.802
 251 1 93.37
 251 2 83.848
 251 3 75.424
 251 4 71.486
 251 5 65.952
 251 6 61.765
 251 7 56.929
 251 8 50.847
 251 9 42.124
 251 10 35.294
 251 11 32.453
 251 12 29.412
 251 13 29.86
 251 14 28.764
 251 15 27.567
 251 16 26.969
 251 17 26.77
 251 18 26.77
 251 19 26.57
 251 20 26.421
 251 21 26.919
 251 22 26.72
 251 23 26.72
 251 24 26.421
 251 25 26.82
 251 26 26.919
 251 27 26.321
 251 28 26.77
 251 29 27.218
 251 30 27.019
 251 31 27.617
 251 32 27.468
 251 33 27.717
 251 34 28.066
 251 35 27.517
 251 36 28.215
 251 37 27.966
 251 38 28.116
 251 39 28.365
 251 40 28.714
 251 41 28.814
 251 42 28.514
 251 43 28.315
 251 44 28.514
 251 45 28.814
 251 46 28.614
 251 47 28.963
 251 48 28.913
 251 49 29.262
 251 50 29.561
 251 51 29.511
 251 52 29.113
 251 53 29.212
 251 54 29.462
 251 55 29.561
 251 56 29.86
 251 57 30.259
 251 58 30.209
 251 59 30.359
 251 60 30.708
 251 61 30.359
 251 62 30.209
 251 63 30.309
 251 64 31.107
 251 65 30.808
 251 66 30.459
 251 67 30.608
 251 68 30.459
 251 69 30.957
 251 70 31.356
 251 71 31.456
 251 72 31.406
 251 73 31.456
 251 74 31.356
 251 75 31.306
 251 76 31.954
 251 77 31.954
 251 78 31.854
 251 79 31.904
 251 80 32.004
 251 81 32.453
 251 82 32.502
 251 83 32.752
 251 84 32.552
 251 85 32.802
 251 86 32.901
 251 87 32.901
 251 88 33.001
 251 89 32.702
 251 90 32.752
 251 91 32.702
 251 92 32.752
 251 93 33.051
 251 94 33.5
 251 95 33.35
 251 96 33.101
 251 97 33.2
 251 98 33.25
 251 99 33.4
 261 1 92.971
 261 2 83.649
 261 3 75.523
 261 4 70.538
 261 5 65.055
 261 6 61.515
 261 7 55.384
 261 8 49.801
 261 9 42.074
 261 10 35.444
 261 11 32.652
 261 12 29.96
 261 13 30.06
 261 14 29.262
 261 15 27.667
 261 16 27.866
 261 17 26.869
 261 18 26.471
 261 19 26.67
 261 20 26.471
 261 21 26.82
 261 22 27.168
 261 23 27.119
 261 24 26.371
 261 25 26.869
 261 26 26.72
 261 27 27.119
 261 28 26.62
 261 29 26.67
 261 30 26.77
 261 31 27.019
 261 32 27.517
 261 33 27.268
 261 34 27.418
 261 35 27.368
 261 36 27.318
 261 37 26.919
 261 38 27.567
 261 39 27.667
 261 40 27.268
 261 41 27.966
 261 42 28.016
 261 43 27.517
 261 44 27.866
 261 45 28.315
 261 46 28.315
 261 47 28.913
 261 48 28.814
 261 49 29.262
 261 50 28.814
 261 51 28.764
 261 52 28.714
 261 53 29.262
 261 54 29.163
 261 55 29.312
 261 56 29.761
 261 57 29.761
 261 58 29.811
 261 59 29.91
 261 60 29.91
 261 61 30.459
 261 62 30.459
 261 63 30.808
 261 64 31.157
 261 65 30.758
 261 66 30.359
 261 67 30.558
 261 68 30.708
 261 69 30.957
 261 70 30.608
 261 71 31.406
 261 72 31.206
 261 73 31.555
 261 74 31.904
 261 75 32.203
 261 76 31.954
 261 77 31.904
 261 78 31.805
 261 79 31.655
 261 80 31.904
 261 81 32.403
 261 82 32.453
 261 83 32.054
 261 84 32.104
 261 85 32.453
 261 86 32.453
 261 87 32.702
 261 88 32.353
 261 89 33.2
 261 90 33.001
 261 91 32.802
 261 92 32.951
 261 93 33.101
 261 94 33.051
 261 95 33.25
 261 96 33.001
 261 97 33.25
 261 98 33.3
 261 99 33.3
 271 1 94.417
 271 2 83.001
 271 3 75.125
 271 4 70.837
 271 5 63.609
 271 6 61.515
 271 7 55.284
 271 8 49.601
 271 9 41.974
 271 10 35.494
 271 11 32.502
 271 12 29.661
 271 13 29.113
 271 14 28.913
 271 15 27.817
 271 16 26.77
 271 17 26.421
 271 18 26.52
 271 19 26.022
 271 20 25.623
 271 21 26.271
 271 22 26.221
 271 23 26.321
 271 24 26.67
 271 25 26.471
 271 26 26.72
 271 27 26.969
 271 28 27.069
 271 29 26.57
 271 30 27.019
 271 31 26.471
 271 32 27.318
 271 33 27.268
 271 34 27.119
 271 35 27.468
 271 36 27.767
 271 37 28.016
 271 38 27.667
 271 39 27.966
 271 40 27.717
 271 41 27.767
 271 42 28.016
 271 43 27.767
 271 44 27.667
 271 45 27.817
 271 46 27.767
 271 47 27.567
 271 48 27.617
 271 49 27.966
 271 50 28.066
 271 51 28.664
 271 52 29.163
 271 53 29.113
 271 54 29.362
 271 55 29.312
 271 56 29.611
 271 57 29.711
 271 58 29.661
 271 59 29.412
 271 60 29.063
 271 61 29.561
 271 62 29.761
 271 63 29.611
 271 64 29.86
 271 65 30.06
 271 66 29.761
 271 67 29.86
 271 68 30.259
 271 69 30.459
 271 70 30.309
 271 71 30.957
 271 72 30.708
 271 73 30.658
 271 74 31.007
 271 75 31.406
 271 76 31.157
 271 77 31.356
 271 78 31.157
 271 79 31.157
 271 80 30.907
 271 81 31.256
 271 82 31.954
 271 83 31.406
 271 84 31.505
 271 85 31.705
 271 86 31.655
 271 87 31.406
 271 88 31.605
 271 89 31.605
 271 90 31.954
 271 91 31.755
 271 92 31.605
 271 93 31.705
 271 94 31.655
 271 95 32.004
 271 96 32.253
 271 97 32.154
 271 98 32.502
 271 99 32.851
 281 1 94.367
 281 2 82.702
 281 3 75.474
 281 4 71.137
 281 5 64.806
 281 6 62.064
 281 7 54.736
 281 8 49.402
 281 9 42.373
 281 10 35.793
 281 11 31.456
 281 12 29.761
 281 13 29.212
 281 14 28.664
 281 15 28.215
 281 16 26.969
 281 17 26.52
 281 18 25.474
 281 19 26.022
 281 20 26.171
 281 21 26.271
 281 22 26.171
 281 23 26.52
 281 24 26.72
 281 25 26.52
 281 26 26.221
 281 27 26.171
 281 28 25.972
 281 29 25.424
 281 30 25.773
 281 31 26.371
 281 32 26.271
 281 33 26.77
 281 34 27.069
 281 35 27.817
 281 36 28.465
 281 37 27.966
 281 38 27.767
 281 39 27.617
 281 40 27.717
 281 41 27.517
 281 42 27.866
 281 43 27.418
 281 44 27.368
 281 45 27.168
 281 46 26.52
 281 47 27.218
 281 48 27.517
 281 49 28.066
 281 50 27.368
 281 51 27.667
 281 52 28.963
 281 53 28.415
 281 54 28.415
 281 55 28.215
 281 56 28.764
 281 57 28.514
 281 58 28.664
 281 59 28.714
 281 60 29.262
 281 61 28.814
 281 62 28.963
 281 63 28.863
 281 64 28.614
 281 65 28.863
 281 66 28.664
 281 67 28.963
 281 68 29.262
 281 69 29.362
 281 70 29.462
 281 71 29.711
 281 72 29.91
 281 73 29.561
 281 74 29.661
 281 75 29.711
 281 76 29.661
 281 77 29.91
 281 78 30.11
 281 79 30.608
 281 80 29.811
 281 81 30.459
 281 82 30.459
 281 83 30.259
 281 84 30.758
 281 85 30.808
 281 86 30.708
 281 87 30.857
 281 88 30.608
 281 89 30.359
 281 90 30.508
 281 91 30.857
 281 92 30.558
 281 93 30.558
 281 94 30.459
 281 95 30.359
 281 96 30.459
 281 97 30.708
 281 98 30.708
 281 99 31.157
 291 1 94.267
 291 2 82.154
 291 3 76.022
 291 4 70.738
 291 5 64.955
 291 6 62.463
 291 7 53.49
 291 8 48.355
 291 9 41.675
 291 10 35.194
 291 11 31.755
 291 12 29.113
 291 13 29.163
 291 14 28.913
 291 15 27.866
 291 16 26.62
 291 17 26.62
 291 18 25.573
 291 19 25.623
 291 20 25.823
 291 21 26.271
 291 22 26.421
 291 23 26.72
 291 24 26.57
 291 25 26.919
 291 26 27.218
 291 27 27.268
 291 28 26.919
 291 29 26.67
 291 30 26.371
 291 31 27.019
 291 32 27.019
 291 33 27.019
 291 34 27.368
 291 35 27.567
 291 36 27.418
 291 37 27.468
 291 38 27.318
 291 39 27.517
 291 40 27.268
 291 41 27.268
 291 42 27.767
 291 43 27.717
 291 44 28.116
 291 45 28.016
 291 46 27.817
 291 47 27.517
 291 48 27.717
 291 49 27.767
 291 50 27.318
 291 51 27.817
 291 52 28.265
 291 53 28.265
 291 54 28.066
 291 55 27.767
 291 56 27.966
 291 57 28.215
 291 58 28.814
 291 59 28.963
 291 60 29.462
 291 61 29.462
 291 62 28.913
 291 63 29.013
 291 64 28.913
 291 65 29.212
 291 66 29.163
 291 67 28.365
 291 68 29.013
 291 69 29.113
 291 70 29.212
 291 71 29.262
 291 72 29.212
 291 73 29.711
 291 74 30.06
 291 75 30.06
 291 76 30.259
 291 77 30.259
 291 78 30.06
 291 79 30.459
 291 80 30.508
 291 81 30.508
 291 82 30.907
 291 83 31.555
 291 84 31.306
 291 85 31.157
 291 86 31.256
 291 87 31.157
 291 88 31.406
 291 89 31.456
 291 90 31.605
 291 91 31.755
 291 92 31.805
 291 93 31.605
 291 94 31.755
 291 95 31.655
 291 96 31.356
 291 97 31.406
 291 98 31.505
 291 99 31.356
 301 1 93.669
 301 2 82.702
 301 3 75.922
 301 4 70.987
 301 5 65.503
 301 6 62.313
 301 7 55.184
 301 8 48.455
 301 9 42.024
 301 10 34.796
 301 11 31.406
 301 12 29.462
 301 13 28.415
 301 14 28.265
 301 15 27.717
 301 16 26.869
 301 17 26.67
 301 18 26.022
 301 19 26.022
 301 20 26.022
 301 21 26.57
 301 22 25.972
 301 23 26.471
 301 24 26.919
 301 25 26.52
 301 26 26.221
 301 27 26.072
 301 28 26.869
 301 29 26.57
 301 30 26.62
 301 31 26.421
 301 32 26.62
 301 33 26.82
 301 34 26.72
 301 35 26.72
 301 36 26.919
 301 37 27.119
 301 38 27.517
 301 39 27.667
 301 40 27.717
 301 41 27.119
 301 42 27.168
 301 43 27.617
 301 44 27.168
 301 45 27.418
 301 46 27.916
 301 47 27.767
 301 48 28.265
 301 49 27.966
 301 50 27.617
 301 51 27.617
 301 52 27.468
 301 53 27.916
 301 54 28.215
 301 55 28.166
 301 56 27.567
 301 57 27.368
 301 58 27.667
 301 59 27.667
 301 60 28.315
 301 61 28.714
 301 62 28.315
 301 63 28.265
 301 64 28.465
 301 65 29.312
 301 66 29.511
 301 67 29.163
 301 68 29.412
 301 69 29.91
 301 70 29.412
 301 71 29.711
 301 72 29.711
 301 73 29.561
 301 74 29.761
 301 75 30.06
 301 76 29.811
 301 77 29.86
 301 78 29.761
 301 79 29.91
 301 80 29.91
 301 81 30.06
 301 82 30.16
 301 83 30.259
 301 84 30.608
 301 85 30.658
 301 86 30.758
 301 87 30.309
 301 88 30.409
 301 89 30.508
 301 90 30.658
 301 91 30.508
 301 92 30.259
 301 93 30.16
 301 94 30.907
 301 95 30.608
 301 96 30.658
 301 97 30.957
 301 98 30.508
 301 99 30.459
 311 1 93.569
 311 2 82.951
 311 3 76.171
 311 4 70.738
 311 5 65.503
 311 6 62.064
 311 7 53.739
 311 8 47.906
 311 9 42.024
 311 10 35.294
 311 11 31.555
 311 12 29.561
 311 13 29.063
 311 14 28.415
 311 15 27.318
 311 16 26.72
 311 17 26.371
 311 18 25.374
 311 19 25.823
 311 20 25.523
 311 21 25.673
 311 22 25.623
 311 23 24.925
 311 24 25.523
 311 25 25.922
 311 26 26.321
 311 27 26.271
 311 28 26.022
 311 29 26.072
 311 30 25.823
 311 31 26.072
 311 32 26.221
 311 33 26.171
 311 34 26.421
 311 35 26.62
 311 36 26.072
 311 37 27.168
 311 38 27.966
 311 39 27.767
 311 40 27.567
 311 41 27.866
 311 42 28.265
 311 43 28.066
 311 44 28.415
 311 45 27.966
 311 46 28.315
 311 47 28.315
 311 48 27.916
 311 49 28.315
 311 50 28.465
 311 51 28.465
 311 52 28.265
 311 53 28.116
 311 54 27.966
 311 55 28.066
 311 56 28.116
 311 57 27.966
 311 58 28.315
 311 59 28.465
 311 60 28.514
 311 61 28.315
 311 62 28.514
 311 63 28.514
 311 64 28.415
 311 65 28.764
 311 66 28.465
 311 67 28.814
 311 68 28.764
 311 69 28.614
 311 70 29.013
 311 71 29.212
 311 72 29.462
 311 73 28.913
 311 74 29.661
 311 75 29.611
 311 76 30.259
 311 77 30.409
 311 78 30.309
 311 79 30.16
 311 80 30.459
 311 81 30.608
 311 82 30.409
 311 83 30.658
 311 84 30.558
 311 85 30.459
 311 86 30.209
 311 87 30.01
 311 88 30.01
 311 89 29.91
 311 90 30.06
 311 91 29.96
 311 92 30.16
 311 93 30.01
 311 94 29.611
 311 95 30.209
 311 96 30.309
 311 97 30.608
 311 98 29.86
 311 99 30.459
 321 1 93.719
 321 2 82.453
 321 3 77.019
 321 4 71.436
 321 5 65.553
 321 6 61.964
 321 7 57.029
 321 8 47.358
 321 9 41.426
 321 10 35.344
 321 11 31.057
 321 12 28.764
 321 13 28.166
 321 14 27.567
 321 15 27.168
 321 16 26.82
 321 17 26.52
 321 18 25.872
 321 19 25.872
 321 20 25.573
 321 21 25.374
 321 22 25.174
 321 23 25.324
 321 24 25.374
 321 25 25.872
 321 26 25.972
 321 27 25.922
 321 28 25.673
 321 29 25.773
 321 30 26.221
 321 31 26.072
 321 32 26.171
 321 33 25.972
 321 34 26.321
 321 35 26.471
 321 36 26.471
 321 37 26.919
 321 38 27.019
 321 39 26.67
 321 40 27.268
 321 41 27.817
 321 42 27.817
 321 43 27.468
 321 44 27.866
 321 45 27.767
 321 46 27.667
 321 47 27.567
 321 48 27.717
 321 49 27.617
 321 50 27.418
 321 51 27.468
 321 52 28.166
 321 53 28.016
 321 54 27.617
 321 55 27.767
 321 56 27.717
 321 57 27.717
 321 58 28.116
 321 59 27.916
 321 60 27.916
 321 61 28.315
 321 62 28.514
 321 63 28.315
 321 64 28.265
 321 65 28.664
 321 66 28.714
 321 67 28.863
 321 68 28.764
 321 69 28.963
 321 70 28.963
 321 71 29.113
 321 72 29.312
 321 73 29.262
 321 74 29.163
 321 75 29.362
 321 76 29.013
 321 77 29.312
 321 78 29.163
 321 79 28.963
 321 80 29.262
 321 81 29.412
 321 82 29.412
 321 83 29.462
 321 84 29.711
 321 85 29.761
 321 86 29.212
 321 87 29.711
 321 88 29.96
 321 89 29.312
 321 90 29.661
 321 91 30.11
 321 92 29.86
 321 93 29.96
 321 94 29.96
 321 95 29.811
 321 96 29.661
 321 97 29.711
 321 98 29.661
 321 99 29.91
 331 1 93.619
 331 2 82.702
 331 3 76.919
 331 4 71.635
 331 5 64.806
 331 6 61.515
 331 7 55.882
 331 8 46.859
 331 9 41.127
 331 10 35.045
 331 11 31.406
 331 12 29.511
 331 13 28.315
 331 14 27.069
 331 15 27.418
 331 16 26.221
 331 17 26.122
 331 18 25.474
 331 19 26.271
 331 20 25.673
 331 21 25.922
 331 22 25.922
 331 23 25.424
 331 24 25.274
 331 25 25.922
 331 26 25.823
 331 27 25.823
 331 28 26.122
 331 29 25.673
 331 30 25.872
 331 31 25.823
 331 32 25.573
 331 33 26.471
 331 34 26.171
 331 35 26.52
 331 36 27.019
 331 37 27.019
 331 38 27.368
 331 39 27.418
 331 40 27.418
 331 41 27.218
 331 42 27.318
 331 43 27.268
 331 44 27.418
 331 45 27.567
 331 46 27.767
 331 47 27.468
 331 48 27.468
 331 49 27.667
 331 50 27.318
 331 51 27.567
 331 52 27.318
 331 53 27.168
 331 54 27.866
 331 55 28.166
 331 56 28.365
 331 57 28.265
 331 58 27.966
 331 59 28.166
 331 60 27.767
 331 61 27.767
 331 62 28.016
 331 63 28.315
 331 64 28.315
 331 65 28.365
 331 66 28.315
 331 67 28.365
 331 68 28.514
 331 69 28.664
 331 70 28.863
 331 71 28.564
 331 72 28.863
 331 73 29.412
 331 74 29.163
 331 75 29.063
 331 76 29.262
 331 77 29.212
 331 78 29.312
 331 79 29.262
 331 80 29.462
 331 81 29.163
 331 82 29.113
 331 83 28.863
 331 84 29.212
 331 85 29.462
 331 86 29.462
 331 87 29.412
 331 88 29.312
 331 89 29.063
 331 90 29.013
 331 91 28.963
 331 92 29.063
 331 93 29.013
 331 94 29.262
 331 95 29.163
 331 96 28.714
 331 97 29.212
 331 98 28.913
 331 99 29.312
 341 1 93.819
 341 2 82.802
 341 3 76.221
 341 4 72.433
 341 5 65.005
 341 6 61.167
 341 7 54.138
 341 8 46.311
 341 9 40.778
 341 10 34.995
 341 11 30.957
 341 12 29.013
 341 13 28.066
 341 14 27.418
 341 15 26.82
 341 16 26.471
 341 17 26.371
 341 18 25.823
 341 19 26.122
 341 20 25.972
 341 21 26.171
 341 22 25.922
 341 23 25.474
 341 24 25.573
 341 25 25.573
 341 26 26.122
 341 27 25.823
 341 28 26.022
 341 29 26.171
 341 30 26.072
 341 31 26.221
 341 32 26.471
 341 33 26.171
 341 34 25.723
 341 35 26.171
 341 36 26.122
 341 37 26.421
 341 38 27.119
 341 39 26.869
 341 40 26.82
 341 41 26.72
 341 42 26.869
 341 43 26.869
 341 44 26.869
 341 45 26.919
 341 46 26.67
 341 47 26.371
 341 48 26.52
 341 49 26.869
 341 50 26.62
 341 51 26.52
 341 52 26.67
 341 53 26.82
 341 54 26.82
 341 55 26.52
 341 56 26.57
 341 57 26.869
 341 58 26.919
 341 59 26.969
 341 60 27.218
 341 61 27.268
 341 62 27.368
 341 63 27.617
 341 64 27.916
 341 65 28.016
 341 66 28.016
 341 67 28.265
 341 68 28.066
 341 69 27.966
 341 70 27.767
 341 71 27.966
 341 72 28.315
 341 73 28.465
 341 74 28.465
 341 75 28.764
 341 76 28.415
 341 77 28.016
 341 78 28.315
 341 79 28.664
 341 80 28.514
 341 81 28.166
 341 82 28.265
 341 83 28.365
 341 84 28.863
 341 85 28.863
 341 86 28.764
 341 87 28.814
 341 88 28.614
 341 89 28.315
 341 90 28.564
 341 91 28.564
 341 92 28.714
 341 93 29.412
 341 94 29.511
 341 95 29.013
 341 96 29.163
 341 97 29.412
 341 98 29.511
 341 99 29.462
 351 1 92.871
 351 2 82.951
 351 3 76.72
 351 4 72.433
 351 5 63.858
 351 6 60.469
 351 7 51.745
 351 8 46.062
 351 9 40.13
 351 10 35.145
 351 11 31.505
 351 12 29.312
 351 13 28.714
 351 14 27.567
 351 15 26.969
 351 16 26.221
 351 17 26.421
 351 18 26.022
 351 19 26.271
 351 20 26.171
 351 21 26.022
 351 22 26.371
 351 23 26.57
 351 24 26.82
 351 25 26.57
 351 26 27.168
 351 27 26.969
 351 28 26.371
 351 29 25.922
 351 30 26.72
 351 31 26.77
 351 32 26.869
 351 33 26.271
 351 34 26.57
 351 35 26.72
 351 36 26.62
 351 37 26.57
 351 38 26.271
 351 39 27.019
 351 40 27.318
 351 41 27.268
 351 42 27.119
 351 43 27.069
 351 44 27.218
 351 45 27.617
 351 46 27.567
 351 47 27.667
 351 48 27.318
 351 49 27.916
 351 50 27.567
 351 51 27.617
 351 52 27.817
 351 53 27.218
 351 54 27.168
 351 55 27.268
 351 56 27.617
 351 57 27.567
 351 58 27.517
 351 59 28.016
 351 60 27.468
 351 61 27.767
 351 62 27.617
 351 63 27.817
 351 64 28.016
 351 65 27.866
 351 66 27.817
 351 67 28.116
 351 68 28.066
 351 69 28.215
 351 70 28.315
 351 71 28.814
 351 72 29.163
 351 73 28.963
 351 74 29.013
 351 75 28.764
 351 76 28.863
 351 77 28.664
 351 78 28.863
 351 79 28.764
 351 80 28.963
 351 81 28.863
 351 82 28.564
 351 83 28.215
 351 84 28.415
 351 85 28.614
 351 86 28.614
 351 87 28.514
 351 88 28.514
 351 89 28.066
 351 90 28.863
 351 91 29.113
 351 92 29.013
 351 93 29.761
 351 94 29.86
 351 95 29.312
 351 96 29.711
 351 97 29.811
 351 98 29.212
 351 99 28.863
 361 1 92.672
 361 2 83.45
 361 3 77.567
 361 4 72.233
 361 5 63.36
 361 6 60.668
 361 7 51.944
 361 8 45.713
 361 9 40.13
 361 10 35.842
 361 11 31.356
 361 12 29.462
 361 13 28.465
 361 14 27.866
 361 15 27.218
 361 16 26.919
 361 17 26.171
 361 18 25.773
 361 19 25.673
 361 20 25.623
 361 21 25.474
 361 22 25.623
 361 23 25.922
 361 24 26.421
 361 25 26.77
 361 26 26.171
 361 27 26.122
 361 28 26.421
 361 29 26.52
 361 30 26.321
 361 31 26.321
 361 32 26.52
 361 33 25.922
 361 34 25.723
 361 35 25.573
 361 36 25.523
 361 37 26.171
 361 38 26.221
 361 39 26.421
 361 40 26.77
 361 41 27.468
 361 42 27.268
 361 43 27.218
 361 44 26.82
 361 45 26.67
 361 46 26.62
 361 47 26.421
 361 48 26.52
 361 49 27.069
 361 50 26.82
 361 51 26.919
 361 52 26.869
 361 53 26.82
 361 54 26.67
 361 55 26.969
 361 56 27.069
 361 57 27.069
 361 58 27.019
 361 59 27.019
 361 60 27.268
 361 61 27.368
 361 62 27.617
 361 63 27.767
 361 64 28.315
 361 65 28.066
 361 66 27.767
 361 67 27.468
 361 68 28.066
 361 69 27.916
 361 70 28.016
 361 71 28.166
 361 72 28.664
 361 73 28.614
 361 74 28.415
 361 75 28.863
 361 76 28.764
 361 77 28.315
 361 78 28.963
 361 79 28.614
 361 80 28.714
 361 81 28.814
 361 82 28.564
 361 83 28.664
 361 84 28.315
 361 85 28.714
 361 86 29.063
 361 87 29.212
 361 88 29.063
 361 89 29.013
 361 90 28.863
 361 91 28.863
 361 92 29.561
 361 93 29.511
 361 94 29.511
 361 95 29.212
 361 96 29.312
 361 97 29.212
 361 98 28.963
 361 99 29.362
 371 1 92.822
 371 2 83.101
 371 3 77.119
 371 4 71.236
 371 5 64.207
 371 6 61.665
 371 7 53.44
 371 8 45.663
 371 9 41.276
 371 10 35.394
 371 11 30.708
 371 12 29.212
 371 13 28.514
 371 14 27.567
 371 15 27.218
 371 16 26.919
 371 17 25.972
 371 18 25.224
 371 19 25.174
 371 20 25.274
 371 21 25.125
 371 22 24.975
 371 23 25.424
 371 24 25.474
 371 25 25.374
 371 26 25.723
 371 27 25.673
 371 28 25.623
 371 29 25.723
 371 30 25.773
 371 31 25.623
 371 32 25.773
 371 33 25.324
 371 34 25.823
 371 35 25.922
 371 36 26.171
 371 37 26.321
 371 38 26.271
 371 39 26.67
 371 40 27.218
 371 41 26.62
 371 42 26.321
 371 43 26.321
 371 44 26.471
 371 45 26.869
 371 46 26.62
 371 47 26.57
 371 48 26.471
 371 49 26.371
 371 50 26.471
 371 51 26.52
 371 52 26.869
 371 53 27.119
 371 54 27.019
 371 55 27.318
 371 56 26.869
 371 57 27.069
 371 58 26.82
 371 59 26.72
 371 60 27.318
 371 61 27.617
 371 62 27.567
 371 63 27.916
 371 64 27.667
 371 65 27.916
 371 66 27.817
 371 67 27.817
 371 68 28.016
 371 69 27.667
 371 70 28.066
 371 71 28.415
 371 72 28.116
 371 73 28.215
 371 74 28.465
 371 75 28.764
 371 76 28.315
 371 77 28.664
 371 78 29.013
 371 79 28.814
 371 80 28.514
 371 81 28.714
 371 82 28.415
 371 83 28.863
 371 84 28.714
 371 85 28.514
 371 86 28.913
 371 87 28.514
 371 88 28.913
 371 89 28.913
 371 90 29.013
 371 91 29.063
 371 92 28.863
 371 93 28.265
 371 94 28.614
 371 95 29.462
 371 96 29.312
 371 97 29.412
 371 98 29.761
 371 99 29.811
 381 1 93.071
 381 2 83.599
 381 3 77.368
 381 4 71.685
 381 5 64.606
 381 6 62.114
 381 7 54.287
 381 8 45.513
 381 9 40.578
 381 10 35.693
 381 11 30.608
 381 12 29.86
 381 13 28.564
 381 14 28.116
 381 15 26.371
 381 16 26.82
 381 17 26.471
 381 18 25.673
 381 19 25.523
 381 20 25.673
 381 21 25.424
 381 22 25.274
 381 23 24.975
 381 24 25.174
 381 25 25.424
 381 26 25.623
 381 27 25.673
 381 28 25.773
 381 29 25.474
 381 30 25.474
 381 31 26.072
 381 32 25.723
 381 33 26.022
 381 34 25.623
 381 35 25.623
 381 36 25.623
 381 37 25.673
 381 38 25.922
 381 39 26.371
 381 40 26.221
 381 41 26.221
 381 42 26.371
 381 43 26.072
 381 44 26.869
 381 45 27.069
 381 46 26.919
 381 47 27.418
 381 48 27.318
 381 49 27.069
 381 50 26.869
 381 51 26.62
 381 52 26.77
 381 53 27.168
 381 54 27.168
 381 55 27.368
 381 56 27.168
 381 57 27.168
 381 58 27.468
 381 59 27.866
 381 60 27.817
 381 61 28.066
 381 62 28.265
 381 63 27.667
 381 64 27.717
 381 65 28.166
 381 66 27.767
 381 67 28.016
 381 68 27.866
 381 69 28.315
 381 70 28.564
 381 71 28.066
 381 72 27.817
 381 73 28.564
 381 74 28.465
 381 75 28.265
 381 76 28.415
 381 77 28.315
 381 78 28.664
 381 79 28.465
 381 80 28.814
 381 81 29.013
 381 82 28.764
 381 83 28.614
 381 84 29.013
 381 85 28.814
 381 86 28.066
 381 87 28.265
 381 88 28.066
 381 89 28.016
 381 90 28.016
 381 91 27.866
 381 92 27.966
 381 93 28.016
 381 94 27.916
 381 95 27.916
 381 96 27.966
 381 97 28.465
 381 98 29.262
 381 99 28.913
 391 1 93.519
 391 2 83.101
 391 3 77.069
 391 4 71.486
 391 5 65.204
 391 6 61.416
 391 7 51.645
 391 8 45.264
 391 9 40.03
 391 10 35.244
 391 11 31.256
 391 12 29.761
 391 13 28.415
 391 14 28.365
 391 15 26.82
 391 16 26.77
 391 17 26.022
 391 18 25.573
 391 19 25.274
 391 20 25.523
 391 21 25.075
 391 22 25.075
 391 23 25.523
 391 24 25.623
 391 25 25.673
 391 26 25.673
 391 27 26.022
 391 28 25.922
 391 29 25.922
 391 30 26.072
 391 31 26.072
 391 32 25.523
 391 33 25.773
 391 34 26.122
 391 35 26.321
 391 36 26.421
 391 37 26.67
 391 38 26.72
 391 39 26.421
 391 40 26.62
 391 41 26.62
 391 42 26.67
 391 43 26.57
 391 44 26.969
 391 45 26.82
 391 46 26.82
 391 47 26.869
 391 48 27.119
 391 49 26.82
 391 50 26.869
 391 51 26.919
 391 52 27.218
 391 53 26.969
 391 54 26.919
 391 55 26.919
 391 56 26.969
 391 57 26.869
 391 58 26.471
 391 59 27.069
 391 60 27.218
 391 61 27.368
 391 62 27.218
 391 63 27.717
 391 64 27.468
 391 65 27.916
 391 66 27.966
 391 67 27.866
 391 68 28.066
 391 69 28.066
 391 70 27.817
 391 71 27.866
 391 72 28.116
 391 73 28.315
 391 74 28.066
 391 75 28.365
 391 76 28.514
 391 77 28.564
 391 78 28.714
 391 79 28.664
 391 80 28.215
 391 81 27.866
 391 82 27.717
 391 83 28.116
 391 84 28.016
 391 85 28.215
 391 86 28.116
 391 87 28.166
 391 88 27.767
 391 89 27.966
 391 90 27.817
 391 91 27.817
 391 92 27.966
 391 93 27.817
 391 94 27.866
 391 95 27.767
 391 96 27.866
 391 97 28.016
 391 98 28.215
 391 99 28.215
 401 1 92.273
 401 2 82.802
 401 3 76.57
 401 4 71.535
 401 5 65.005
 401 6 61.416
 401 7 52.293
 401 8 46.261
 401 9 38.784
 401 10 35.095
 401 11 31.057
 401 12 29.86
 401 13 29.163
 401 14 27.817
 401 15 26.171
 401 16 26.67
 401 17 26.371
 401 18 25.523
 401 19 25.424
 401 20 25.324
 401 21 25.324
 401 22 25.623
 401 23 25.673
 401 24 25.723
 401 25 25.374
 401 26 25.623
 401 27 25.872
 401 28 25.872
 401 29 26.221
 401 30 26.022
 401 31 26.072
 401 32 25.723
 401 33 25.723
 401 34 25.374
 401 35 25.723
 401 36 25.474
 401 37 25.773
 401 38 25.872
 401 39 25.673
 401 40 25.872
 401 41 26.171
 401 42 26.471
 401 43 26.171
 401 44 26.471
 401 45 26.52
 401 46 26.62
 401 47 26.52
 401 48 26.321
 401 49 26.221
 401 50 26.271
 401 51 26.62
 401 52 26.421
 401 53 27.019
 401 54 26.969
 401 55 26.969
 401 56 26.67
 401 57 26.919
 401 58 26.869
 401 59 26.969
 401 60 26.869
 401 61 26.52
 401 62 26.271
 401 63 26.271
 401 64 26.72
 401 65 26.471
 401 66 26.869
 401 67 26.62
 401 68 27.119
 401 69 26.969
 401 70 27.218
 401 71 27.119
 401 72 27.019
 401 73 26.919
 401 74 27.168
 401 75 27.069
 401 76 26.969
 401 77 26.969
 401 78 27.019
 401 79 26.969
 401 80 26.52
 401 81 27.168
 401 82 27.268
 401 83 27.418
 401 84 27.119
 401 85 27.119
 401 86 27.168
 401 87 27.119
 401 88 27.268
 401 89 27.168
 401 90 26.919
 401 91 27.218
 401 92 27.418
 401 93 27.617
 401 94 27.567
 401 95 28.166
 401 96 28.664
 401 97 28.614
 401 98 28.664
 401 99 28.465
 411 1 92.871
 411 2 83.051
 411 3 76.869
 411 4 71.984
 411 5 64.756
 411 6 61.665
 411 7 52.094
 411 8 46.062
 411 9 39.432
 411 10 35.145
 411 11 31.555
 411 12 30.11
 411 13 28.913
 411 14 27.916
 411 15 25.972
 411 16 26.77
 411 17 26.171
 411 18 25.872
 411 19 25.324
 411 20 25.324
 411 21 24.975
 411 22 25.274
 411 23 25.324
 411 24 25.723
 411 25 25.922
 411 26 25.723
 411 27 26.221
 411 28 26.122
 411 29 26.072
 411 30 25.723
 411 31 25.274
 411 32 25.274
 411 33 24.925
 411 34 25.274
 411 35 25.324
 411 36 25.125
 411 37 25.823
 411 38 25.922
 411 39 26.022
 411 40 25.623
 411 41 26.022
 411 42 26.022
 411 43 26.122
 411 44 26.221
 411 45 26.471
 411 46 26.57
 411 47 26.67
 411 48 26.122
 411 49 26.969
 411 50 26.82
 411 51 26.82
 411 52 26.77
 411 53 26.62
 411 54 26.77
 411 55 26.969
 411 56 26.57
 411 57 26.471
 411 58 27.019
 411 59 27.318
 411 60 27.168
 411 61 27.019
 411 62 26.67
 411 63 27.019
 411 64 27.517
 411 65 27.966
 411 66 27.318
 411 67 27.418
 411 68 27.368
 411 69 27.368
 411 70 27.268
 411 71 27.168
 411 72 27.368
 411 73 27.717
 411 74 27.567
 411 75 27.667
 411 76 28.016
 411 77 27.817
 411 78 27.817
 411 79 27.866
 411 80 28.066
 411 81 28.514
 411 82 28.514
 411 83 28.913
 411 84 28.614
 411 85 28.215
 411 86 27.916
 411 87 27.966
 411 88 27.418
 411 89 28.016
 411 90 28.116
 411 91 28.066
 411 92 28.265
 411 93 28.016
 411 94 28.315
 411 95 28.614
 411 96 27.866
 411 97 28.116
 411 98 27.966
 411 99 28.215
 421 1 92.622
 421 2 82.353
 421 3 77.418
 421 4 71.984
 421 5 65.155
 421 6 61.466
 421 7 51.346
 421 8 46.162
 421 9 40.179
 421 10 35.294
 421 11 33.151
 421 12 29.711
 421 13 27.966
 421 14 27.468
 421 15 26.022
 421 16 26.62
 421 17 25.623
 421 18 24.826
 421 19 24.776
 421 20 24.875
 421 21 24.826
 421 22 25.125
 421 23 25.573
 421 24 25.374
 421 25 25.424
 421 26 25.274
 421 27 25.125
 421 28 25.274
 421 29 25.673
 421 30 25.474
 421 31 25.474
 421 32 25.125
 421 33 24.925
 421 34 25.374
 421 35 25.573
 421 36 25.623
 421 37 25.823
 421 38 26.022
 421 39 25.623
 421 40 25.972
 421 41 26.022
 421 42 25.972
 421 43 25.823
 421 44 26.122
 421 45 26.171
 421 46 26.022
 421 47 26.072
 421 48 25.922
 421 49 25.872
 421 50 25.773
 421 51 26.022
 421 52 25.972
 421 53 25.922
 421 54 26.371
 421 55 26.471
 421 56 26.371
 421 57 26.52
 421 58 26.52
 421 59 26.52
 421 60 25.823
 421 61 26.321
 421 62 26.321
 421 63 26.321
 421 64 26.52
 421 65 26.371
 421 66 26.271
 421 67 26.072
 421 68 26.421
 421 69 25.922
 421 70 25.972
 421 71 26.122
 421 72 26.221
 421 73 26.271
 421 74 26.52
 421 75 26.82
 421 76 26.919
 421 77 26.869
 421 78 26.869
 421 79 26.62
 421 80 26.869
 421 81 26.919
 421 82 26.969
 421 83 26.969
 421 84 26.77
 421 85 26.62
 421 86 26.57
 421 87 26.122
 421 88 25.972
 421 89 26.022
 421 90 26.171
 421 91 26.52
 421 92 26.77
 421 93 26.869
 421 94 26.869
 421 95 26.62
 421 96 26.77
 421 97 27.318
 421 98 27.517
 421 99 27.468
 431 1 92.473
 431 2 82.951
 431 3 77.617
 431 4 72.283
 431 5 65.503
 431 6 61.515
 431 7 53.34
 431 8 46.211
 431 9 39.382
 431 10 35.743
 431 11 32.353
 431 12 30.01
 431 13 28.564
 431 14 27.368
 431 15 26.321
 431 16 26.869
 431 17 25.474
 431 18 25.424
 431 19 25.523
 431 20 25.523
 431 21 25.823
 431 22 25.773
 431 23 25.623
 431 24 25.474
 431 25 25.374
 431 26 25.224
 431 27 25.374
 431 28 25.374
 431 29 25.424
 431 30 25.274
 431 31 25.623
 431 32 25.424
 431 33 25.125
 431 34 25.872
 431 35 25.673
 431 36 25.972
 431 37 25.573
 431 38 26.221
 431 39 26.221
 431 40 26.022
 431 41 26.271
 431 42 26.271
 431 43 26.321
 431 44 26.471
 431 45 26.52
 431 46 26.421
 431 47 26.52
 431 48 26.62
 431 49 26.62
 431 50 26.321
 431 51 26.022
 431 52 26.72
 431 53 26.62
 431 54 26.57
 431 55 26.171
 431 56 26.371
 431 57 26.221
 431 58 26.221
 431 59 26.271
 431 60 26.221
 431 61 26.62
 431 62 26.421
 431 63 26.471
 431 64 26.62
 431 65 26.67
 431 66 27.069
 431 67 27.069
 431 68 27.168
 431 69 27.168
 431 70 27.168
 431 71 27.019
 431 72 26.82
 431 73 27.069
 431 74 27.318
 431 75 27.168
 431 76 27.318
 431 77 27.069
 431 78 27.119
 431 79 27.119
 431 80 27.418
 431 81 27.617
 431 82 27.567
 431 83 27.916
 431 84 27.817
 431 85 27.517
 431 86 27.617
 431 87 27.218
 431 88 26.77
 431 89 26.77
 431 90 27.168
 431 91 27.468
 431 92 27.418
 431 93 27.168
 431 94 27.069
 431 95 27.318
 431 96 27.517
 431 97 27.268
 431 98 28.066
 431 99 27.916
 441 1 93.868
 441 2 83.051
 441 3 77.617
 441 4 72.383
 441 5 64.506
 441 6 61.964
 441 7 53.589
 441 8 46.411
 441 9 39.282
 441 10 35.244
 441 11 32.453
 441 12 30.06
 441 13 28.465
 441 14 27.866
 441 15 26.52
 441 16 27.318
 441 17 25.673
 441 18 25.573
 441 19 25.573
 441 20 25.523
 441 21 25.673
 441 22 26.022
 441 23 25.823
 441 24 25.523
 441 25 25.573
 441 26 25.623
 441 27 25.274
 441 28 25.523
 441 29 25.623
 441 30 25.623
 441 31 25.224
 441 32 25.673
 441 33 25.474
 441 34 26.022
 441 35 26.221
 441 36 26.072
 441 37 26.421
 441 38 26.371
 441 39 26.321
 441 40 25.823
 441 41 25.823
 441 42 26.171
 441 43 26.421
 441 44 26.171
 441 45 26.52
 441 46 26.421
 441 47 26.421
 441 48 26.67
 441 49 26.67
 441 50 26.72
 441 51 26.52
 441 52 26.471
 441 53 26.371
 441 54 26.57
 441 55 26.271
 441 56 26.221
 441 57 26.57
 441 58 26.471
 441 59 26.421
 441 60 26.471
 441 61 26.82
 441 62 26.77
 441 63 26.52
 441 64 26.471
 441 65 26.67
 441 66 26.72
 441 67 26.421
 441 68 26.321
 441 69 26.221
 441 70 26.77
 441 71 26.421
 441 72 26.421
 441 73 26.969
 441 74 27.168
 441 75 27.218
 441 76 26.969
 441 77 26.869
 441 78 26.72
 441 79 26.371
 441 80 26.471
 441 81 26.62
 441 82 26.969
 441 83 27.218
 441 84 27.119
 441 85 27.069
 441 86 26.919
 441 87 26.919
 441 88 26.77
 441 89 27.019
 441 90 26.72
 441 91 27.119
 441 92 27.168
 441 93 27.168
 441 94 26.82
 441 95 26.919
 441 96 26.82
 441 97 26.969
 441 98 27.468
 441 99 27.617
 451 1 93.42
 451 2 83.101
 451 3 77.218
 451 4 72.034
 451 5 64.556
 451 6 61.515
 451 7 53.639
 451 8 45.862
 451 9 38.734
 451 10 34.945
 451 11 32.752
 451 12 30.16
 451 13 28.215
 451 14 28.215
 451 15 26.77
 451 16 27.119
 451 17 25.673
 451 18 25.523
 451 19 25.523
 451 20 25.523
 451 21 25.374
 451 22 25.972
 451 23 25.673
 451 24 25.324
 451 25 25.125
 451 26 25.075
 451 27 25.125
 451 28 25.075
 451 29 25.424
 451 30 25.523
 451 31 25.424
 451 32 25.125
 451 33 25.274
 451 34 25.523
 451 35 25.523
 451 36 25.673
 451 37 25.424
 451 38 25.573
 451 39 25.872
 451 40 25.922
 451 41 25.922
 451 42 26.122
 451 43 26.171
 451 44 26.271
 451 45 26.171
 451 46 26.321
 451 47 26.122
 451 48 26.471
 451 49 26.52
 451 50 26.52
 451 51 26.52
 451 52 26.52
 451 53 26.271
 451 54 26.171
 451 55 26.371
 451 56 26.171
 451 57 26.122
 451 58 26.371
 451 59 26.471
 451 60 26.321
 451 61 26.471
 451 62 26.67
 451 63 26.52
 451 64 26.471
 451 65 26.52
 451 66 26.072
 451 67 26.221
 451 68 26.171
 451 69 26.221
 451 70 26.371
 451 71 26.72
 451 72 26.171
 451 73 26.271
 451 74 26.072
 451 75 26.221
 451 76 25.972
 451 77 26.022
 451 78 26.271
 451 79 26.62
 451 80 26.57
 451 81 26.919
 451 82 26.72
 451 83 26.72
 451 84 26.171
 451 85 26.072
 451 86 25.823
 451 87 26.072
 451 88 25.723
 451 89 26.022
 451 90 26.122
 451 91 26.221
 451 92 26.022
 451 93 26.421
 451 94 26.221
 451 95 26.52
 451 96 26.421
 451 97 26.57
 451 98 26.969
 451 99 26.869
 461 1 93.071
 461 2 83.051
 461 3 77.368
 461 4 72.134
 461 5 64.407
 461 6 61.815
 461 7 54.287
 461 8 45.813
 461 9 38.983
 461 10 34.447
 461 11 32.752
 461 12 30.209
 461 13 28.714
 461 14 28.066
 461 15 27.119
 461 16 27.468
 461 17 25.922
 461 18 25.025
 461 19 25.474
 461 20 25.424
 461 21 25.723
 461 22 25.673
 461 23 26.022
 461 24 25.872
 461 25 25.872
 461 26 25.523
 461 27 25.274
 461 28 25.773
 461 29 25.424
 461 30 25.573
 461 31 25.424
 461 32 25.324
 461 33 25.374
 461 34 25.673
 461 35 25.922
 461 36 25.922
 461 37 25.773
 461 38 26.321
 461 39 25.922
 461 40 26.371
 461 41 26.67
 461 42 26.171
 461 43 26.82
 461 44 27.119
 461 45 27.268
 461 46 27.019
 461 47 26.919
 461 48 27.019
 461 49 27.119
 461 50 26.77
 461 51 26.82
 461 52 26.67
 461 53 26.919
 461 54 27.168
 461 55 26.72
 461 56 26.77
 461 57 26.72
 461 58 26.82
 461 59 26.77
 461 60 26.919
 461 61 27.468
 461 62 27.168
 461 63 27.268
 461 64 27.019
 461 65 27.069
 461 66 26.72
 461 67 26.72
 461 68 27.019
 461 69 27.019
 461 70 26.869
 461 71 26.919
 461 72 26.52
 461 73 26.77
 461 74 26.869
 461 75 26.57
 461 76 26.62
 461 77 26.171
 461 78 26.271
 461 79 26.52
 461 80 26.82
 461 81 26.969
 461 82 27.069
 461 83 26.869
 461 84 26.67
 461 85 26.969
 461 86 27.019
 461 87 26.72
 461 88 26.67
 461 89 26.471
 461 90 26.421
 461 91 26.221
 461 92 26.271
 461 93 26.171
 461 94 26.122
 461 95 26.471
 461 96 26.421
 461 97 26.72
 461 98 27.119
 461 99 26.969
 471 1 92.971
 471 2 82.502
 471 3 77.468
 471 4 71.486
 471 5 64.407
 471 6 61.864
 471 7 52.941
 471 8 45.713
 471 9 39.631
 471 10 34.845
 471 11 32.502
 471 12 29.96
 471 13 28.764
 471 14 28.514
 471 15 27.468
 471 16 27.168
 471 17 26.022
 471 18 25.872
 471 19 26.271
 471 20 25.523
 471 21 25.773
 471 22 25.673
 471 23 25.823
 471 24 25.673
 471 25 25.773
 471 26 25.474
 471 27 25.523
 471 28 25.623
 471 29 26.072
 471 30 25.922
 471 31 25.723
 471 32 25.573
 471 33 25.673
 471 34 25.623
 471 35 25.773
 471 36 25.823
 471 37 25.972
 471 38 26.421
 471 39 26.421
 471 40 26.371
 471 41 26.022
 471 42 26.072
 471 43 26.171
 471 44 26.022
 471 45 26.271
 471 46 26.82
 471 47 26.471
 471 48 26.62
 471 49 26.471
 471 50 26.371
 471 51 26.022
 471 52 25.872
 471 53 25.872
 471 54 26.221
 471 55 26.371
 471 56 26.321
 471 57 26.371
 471 58 26.122
 471 59 26.072
 471 60 26.221
 471 61 26.77
 471 62 26.72
 471 63 26.62
 471 64 26.371
 471 65 26.421
 471 66 26.57
 471 67 26.82
 471 68 26.72
 471 69 26.471
 471 70 26.321
 471 71 26.122
 471 72 26.221
 471 73 26.471
 471 74 26.62
 471 75 26.421
 471 76 26.62
 471 77 26.371
 471 78 26.471
 471 79 26.82
 471 80 26.67
 471 81 26.77
 471 82 26.62
 471 83 26.72
 471 84 26.72
 471 85 26.869
 471 86 26.77
 471 87 26.72
 471 88 26.72
 471 89 26.421
 471 90 26.221
 471 91 26.122
 471 92 26.919
 471 93 26.421
 471 94 26.321
 471 95 26.471
 471 96 26.122
 471 97 26.271
 471 98 26.321
 471 99 26.171
 481 1 93.22
 481 2 82.104
 481 3 77.318
 481 4 71.186
 481 5 65.005
 481 6 61.715
 481 7 52.493
 481 8 45.563
 481 9 39.033
 481 10 35.394
 481 11 32.951
 481 12 30.957
 481 13 29.611
 481 14 28.465
 481 15 27.218
 481 16 26.52
 481 17 25.972
 481 18 26.072
 481 19 25.723
 481 20 25.723
 481 21 25.324
 481 22 25.673
 481 23 25.872
 481 24 25.823
 481 25 25.523
 481 26 25.773
 481 27 25.673
 481 28 26.271
 481 29 26.57
 481 30 26.371
 481 31 25.823
 481 32 26.072
 481 33 25.922
 481 34 25.872
 481 35 26.022
 481 36 26.421
 481 37 26.271
 481 38 26.919
 481 39 26.52
 481 40 26.421
 481 41 25.872
 481 42 26.221
 481 43 25.872
 481 44 26.371
 481 45 26.022
 481 46 26.271
 481 47 26.371
 481 48 26.171
 481 49 26.022
 481 50 26.171
 481 51 26.122
 481 52 26.072
 481 53 26.221
 481 54 26.57
 481 55 26.869
 481 56 26.969
 481 57 26.919
 481 58 26.321
 481 59 26.321
 481 60 26.171
 481 61 26.271
 481 62 26.421
 481 63 26.62
 481 64 26.62
 481 65 26.869
 481 66 26.77
 481 67 27.268
 481 68 27.019
 481 69 26.67
 481 70 26.77
 481 71 26.82
 481 72 26.421
 481 73 26.57
 481 74 26.72
 481 75 26.62
 481 76 26.52
 481 77 26.471
 481 78 26.072
 481 79 26.022
 481 80 26.371
 481 81 26.57
 481 82 26.82
 481 83 26.52
 481 84 26.82
 481 85 26.67
 481 86 26.77
 481 87 26.471
 481 88 26.62
 481 89 26.67
 481 90 26.77
 481 91 27.019
 481 92 26.869
 481 93 26.82
 481 94 26.62
 481 95 26.72
 481 96 26.72
 481 97 27.168
 481 98 26.869
 481 99 27.019
 491 1 93.27
 491 2 83.4
 491 3 77.268
 491 4 71.137
 491 5 65.204
 491 6 61.715
 491 7 52.044
 491 8 46.062
 491 9 38.883
 491 10 35.095
 491 11 33.35
 491 12 30.459
 491 13 29.262
 491 14 28.315
 491 15 27.268
 491 16 26.371
 491 17 26.421
 491 18 25.523
 491 19 25.424
 491 20 25.424
 491 21 25.474
 491 22 25.523
 491 23 25.474
 491 24 25.623
 491 25 25.773
 491 26 25.523
 491 27 25.573
 491 28 25.573
 491 29 25.823
 491 30 26.122
 491 31 26.221
 491 32 25.922
 491 33 25.872
 491 34 25.823
 491 35 26.022
 491 36 26.221
 491 37 26.421
 491 38 26.271
 491 39 26.171
 491 40 25.972
 491 41 25.673
 491 42 26.022
 491 43 26.072
 491 44 26.022
 491 45 25.972
 491 46 26.171
 491 47 26.022
 491 48 26.122
 491 49 26.171
 491 50 25.922
 491 51 26.171
 491 52 25.922
 491 53 26.271
 491 54 25.872
 491 55 26.171
 491 56 26.271
 491 57 26.321
 491 58 26.171
 491 59 26.072
 491 60 26.221
 491 61 26.171
 491 62 25.623
 491 63 25.623
 491 64 25.773
 491 65 25.823
 491 66 25.823
 491 67 25.673
 491 68 25.773
 491 69 25.673
 491 70 25.673
 491 71 25.424
 491 72 25.523
 491 73 25.872
 491 74 26.022
 491 75 26.072
 491 76 25.823
 491 77 25.972
 491 78 25.573
 491 79 25.623
 491 80 25.523
 491 81 25.424
 491 82 25.573
 491 83 25.723
 491 84 25.573
 491 85 25.523
 491 86 25.523
 491 87 25.324
 491 88 25.773
 491 89 25.673
 491 90 25.274
 491 91 25.174
 491 92 25.274
 491 93 25.324
 491 94 25.773
 491 95 25.922
 491 96 25.374
 491 97 25.324
 491 98 25.872
 491 99 25.673


